simple_acc = 0.07446808510638298
at_least_1_match = 0.9680851063829787
at_least_2_matches = 0.6702127659574468
at_least_3_matches = 0.2978723404255319
all_4_matches = 0.07446808510638298
E/I = 0.5531914893617021
N/S = 0.4787234042553192
F/T = 0.46808510638297873
P/J = 0.5106382978723404
eval_loss = 2.8185106118520102
global_step = 153
loss = 0.29687751508226584
